16
45
4
21
51
82
93
64
-8
0
28
66
63
4
46
84
-7
68
38
17
20
57
21
5
16
5
103
0
34
7
-8
29
-4
-6
24
-6
26
69
101
11
33
21
49
36
68
90
-4
42
95
67
65
91
46
87
19
-9
45
71
36
12
50
96
73
12
33
83
39
62
84
79
32
41
74
-8
57
37
22
80
25
-5
45
30
42
65
25
54
74
86
-3
31
84
64
46
-7
39
-1
9
85
60
82
30
86
24
102
100
22
51
46
104
99
40
-5
7
95
100
59
95
79
33
54
97
69
8
64
35
32
8
105
1
76
40
54
87
72
76
33
68
86
89
34
43
77
71
7
27
39
74
36
56
42
23
-6
-9
9
70
46
-7
37
8
-4
97
82
81
56
50
43
11
27
37
68
47
-4
97
-8
58
74
52
-2
4
101
76
75
17
-1
90
1
80
5
74
43
74
71
62
79
-4
50
59
16
34
99
-4
-9
1
74
86
83
4
46
67
52
54
37
35
19
10
17
98
74
29
-9
8
85
-6
4
14
26
93
-9
90
40
89
62
20
29
3
20
17
10
60
56
61
31
94
88
30
22
85
21
51
10
74
100
92
56
44
19
52
59
-2
31
-5
98
32
-6
18
40
77
36
83
63
101
39
0
58
29
60
32
54
32
95
66
62
13
58
14
16
103
103
104
58
95
84
92
68
67
47
-4
45
76
104
30
95
10
35
57
10
9
105
35
98
13
97
98
-9
7
94
74
90
22
58
94
85
-6
48
89
90
15
22
41
-6
73
13
72
10
89
2
4
103
95
-1
67
27
25
69
20
-4
44
65
59
-5
52
60
85
33
4
43
42
15
29
63
4
8
3
101
7